block,order,stage,case_id,config_id,config_path,profile_id,anchor,latency_enabled,latency_sample_every,producer_ranks,consumer_ranks,partitions,payload_size_bytes,batching_max_messages,batching_max_bytes,batching_max_publish_delay_ms,max_pending_messages,max_pending_messages_across_partitions,receiver_queue_size,max_total_receiver_queue_size_across_partitions,design_note
2,1,phase1-screening,pulsar-cfg-098,cfg_098,configs/campaigns/pulsar/phase1/generated_configs/cfg_098.json,BASELINE_H16_D32,,true,10,24,56,60,2048,500,2097152,10,1000,10000,1000,30000,seeded-mixed
2,2,phase1-screening,pulsar-cfg-050,cfg_050,configs/campaigns/pulsar/phase1/generated_configs/cfg_050.json,BASELINE_H16_D32,,true,10,24,48,120,4096,1000,1048576,20,1000,20000,1000,120000,rank-pair:24x48
2,3,phase1-screening,pulsar-cfg-004,cfg_004,configs/campaigns/pulsar/phase1/generated_configs/cfg_004.json,BASELINE_H16_D32,,true,10,32,40,120,4096,1000,1048576,20,1000,20000,1000,120000,one-factor:producer_ranks=32
2,4,phase1-screening,pulsar-cfg-120,cfg_120,configs/campaigns/pulsar/phase1/generated_configs/cfg_120.json,BASELINE_H16_D32,,true,10,40,16,120,8192,2000,1048576,5,2000,10000,500,60000,seeded-mixed
2,5,phase1-screening,pulsar-cfg-095,cfg_095,configs/campaigns/pulsar/phase1/generated_configs/cfg_095.json,BASELINE_H16_D32,,true,10,40,16,90,1024,250,4194304,1,2000,40000,2000,60000,seeded-mixed
2,6,phase1-screening,pulsar-cfg-013,cfg_013,configs/campaigns/pulsar/phase1/generated_configs/cfg_013.json,BASELINE_H16_D32,,true,10,40,64,120,4096,1000,1048576,20,1000,20000,1000,120000,one-factor:consumer_ranks=64
2,7,phase1-screening,pulsar-cfg-049,cfg_049,configs/campaigns/pulsar/phase1/generated_configs/cfg_049.json,BASELINE_H16_D32,,true,10,64,64,120,4096,1000,1048576,20,1000,20000,1000,120000,rank-pair:64x64
2,8,phase1-screening,pulsar-cfg-052,cfg_052,configs/campaigns/pulsar/phase1/generated_configs/cfg_052.json,BASELINE_H16_D32,,true,10,48,32,120,4096,1000,1048576,20,1000,20000,1000,120000,rank-pair:48x32
2,9,phase1-screening,pulsar-cfg-110,cfg_110,configs/campaigns/pulsar/phase1/generated_configs/cfg_110.json,BASELINE_H16_D32,,true,10,48,40,180,4096,4000,1048576,20,2000,10000,250,240000,seeded-mixed
2,10,phase1-screening,pulsar-cfg-091,cfg_091,configs/campaigns/pulsar/phase1/generated_configs/cfg_091.json,BASELINE_H16_D32,,true,10,16,40,240,8192,250,4194304,20,500,20000,2000,240000,seeded-mixed
2,11,phase1-screening,pulsar-cfg-102,cfg_102,configs/campaigns/pulsar/phase1/generated_configs/cfg_102.json,BASELINE_H16_D32,,true,10,40,16,180,4096,250,4194304,80,1000,20000,500,60000,seeded-mixed
2,12,phase1-screening,pulsar-cfg-032,cfg_032,configs/campaigns/pulsar/phase1/generated_configs/cfg_032.json,BASELINE_H16_D32,,true,10,40,40,120,4096,1000,1048576,10,1000,20000,1000,120000,one-factor:batching_max_publish_delay_ms=10
2,13,phase1-screening,pulsar-cfg-039,cfg_039,configs/campaigns/pulsar/phase1/generated_configs/cfg_039.json,BASELINE_H16_D32,,true,10,40,40,120,4096,1000,1048576,20,1000,20000,250,120000,one-factor:receiver_queue_size=250
2,14,phase1-screening,pulsar-cfg-020,cfg_020,configs/campaigns/pulsar/phase1/generated_configs/cfg_020.json,BASELINE_H16_D32,,true,10,40,40,120,8192,1000,1048576,20,1000,20000,1000,120000,one-factor:payload_size_bytes=8192
2,15,phase1-screening,pulsar-cfg-107,cfg_107,configs/campaigns/pulsar/phase1/generated_configs/cfg_107.json,BASELINE_H16_D32,,true,10,16,32,120,2048,4000,4194304,80,500,20000,2000,120000,seeded-mixed
2,16,phase1-screening,pulsar-cfg-080,cfg_080,configs/campaigns/pulsar/phase1/generated_configs/cfg_080.json,BASELINE_H16_D32,,true,10,40,16,180,8192,250,262144,5,500,10000,2000,30000,seeded-mixed
2,17,phase1-screening,pulsar-cfg-089,cfg_089,configs/campaigns/pulsar/phase1/generated_configs/cfg_089.json,BASELINE_H16_D32,,true,10,64,16,90,8192,500,4194304,5,1000,40000,2000,60000,seeded-mixed
2,18,phase1-screening,pulsar-cfg-027,cfg_027,configs/campaigns/pulsar/phase1/generated_configs/cfg_027.json,BASELINE_H16_D32,,true,10,40,40,120,4096,1000,524288,20,1000,20000,1000,120000,one-factor:batching_max_bytes=524288
2,19,phase1-screening,pulsar-cfg-062,cfg_062,configs/campaigns/pulsar/phase1/generated_configs/cfg_062.json,BASELINE_H16_D32,,true,10,32,56,60,4096,1000,524288,40,500,40000,500,120000,seeded-mixed
2,20,phase1-screening,pulsar-cfg-082,cfg_082,configs/campaigns/pulsar/phase1/generated_configs/cfg_082.json,BASELINE_H16_D32,,true,10,56,16,180,16384,500,2097152,40,2000,10000,250,60000,seeded-mixed
2,21,phase1-screening,pulsar-cfg-116,cfg_116,configs/campaigns/pulsar/phase1/generated_configs/cfg_116.json,BASELINE_H16_D32,,true,10,24,16,60,1024,2000,1048576,5,500,10000,250,60000,seeded-mixed
2,22,phase1-screening,pulsar-cfg-018,cfg_018,configs/campaigns/pulsar/phase1/generated_configs/cfg_018.json,BASELINE_H16_D32,,true,10,40,40,120,1024,1000,1048576,20,1000,20000,1000,120000,one-factor:payload_size_bytes=1024
2,23,phase1-screening,pulsar-cfg-023,cfg_023,configs/campaigns/pulsar/phase1/generated_configs/cfg_023.json,BASELINE_H16_D32,,true,10,40,40,120,4096,500,1048576,20,1000,20000,1000,120000,one-factor:batching_max_messages=500
2,24,phase1-screening,pulsar-cfg-006,cfg_006,configs/campaigns/pulsar/phase1/generated_configs/cfg_006.json,BASELINE_H16_D32,,true,10,56,40,120,4096,1000,1048576,20,1000,20000,1000,120000,one-factor:producer_ranks=56
2,25,phase1-screening,pulsar-cfg-048,cfg_048,configs/campaigns/pulsar/phase1/generated_configs/cfg_048.json,BASELINE_H16_D32,,true,10,56,56,120,4096,1000,1048576,20,1000,20000,1000,120000,rank-pair:56x56
2,26,phase1-screening,pulsar-cfg-083,cfg_083,configs/campaigns/pulsar/phase1/generated_configs/cfg_083.json,BASELINE_H16_D32,,true,10,40,24,240,1024,250,524288,1,2000,20000,1000,60000,seeded-mixed
2,27,phase1-screening,pulsar-cfg-066,cfg_066,configs/campaigns/pulsar/phase1/generated_configs/cfg_066.json,BASELINE_H16_D32,,true,10,56,24,240,2048,4000,262144,10,2000,40000,250,30000,seeded-mixed
2,28,phase1-screening,pulsar-cfg-035,cfg_035,configs/campaigns/pulsar/phase1/generated_configs/cfg_035.json,BASELINE_H16_D32,,true,10,40,40,120,4096,1000,1048576,20,500,20000,1000,120000,one-factor:max_pending_messages=500
2,29,phase1-screening,pulsar-cfg-119,cfg_119,configs/campaigns/pulsar/phase1/generated_configs/cfg_119.json,BASELINE_H16_D32,,true,10,56,24,180,1024,4000,2097152,5,2000,20000,250,30000,seeded-mixed
2,30,phase1-screening,pulsar-cfg-051,cfg_051,configs/campaigns/pulsar/phase1/generated_configs/cfg_051.json,BASELINE_H16_D32,,true,10,32,56,120,4096,1000,1048576,20,1000,20000,1000,120000,rank-pair:32x56
